45
205
2
227
189
131
96
149
74
150
94
151
4
83
116
203
173
144
196
70
166
207
45
103
216
228
13
68
169
104
165
179
21
158
180
94
211
49
59
112
183
160
89
212
172
182
215
93
49
4
23
219
75
9
191
142
62
130
204
220
52
188
160
193
229
228
36
142
134
41
215
253
56
247
193
193
141
37
216
175
120
105
10
41
9
11
9
133
147
61
108
5
197
166
192
92
67
106
23
138
4
248
150
187
212
185
140
160
77
106
8
211
243
141
138
3
67
255
233
102
106
94
73
194
77
139
210
227
217
99
148
35
216
191
135
210
84
30
3
253
94
89
52
167
74
104
102
34
23
110
100
25
123
255
219
28
72
188
130
155
131
243
127
136
197
244
65
99
71
239
234
133
54
149
168
136
67
232
55
141
208
211
105
131
97
98
231
52
233
234
89
202
42
8
43
144
236
162
243
129
49
84
72
42
211
138
232
187
249
220
251
158
149
7
223
150
11
230
72
122
89
53
246
188
203
56
35
55
44
132
73
202
126
213
102
106
11
130
203
42
135
145
52
96
12
126
214
75
191
153
197
228
15
158
237
186
212
137
26
26
48
164
252
170
24
138
219
121
196
173
116
27
168
8
132
208
129
109
28
65
78
232
28
52
222
5
216
167
237
35
8
139
143
220
235
159
68
32
137
37
29
243
80
55
94
218
217
155
165
143
136
52
181
60
105
52
42
26
0
59
109
171
157
248
247
143
130
21
122
97
27
34
222
221
71
236
216
180
167
111
73
222
132
152
138
111
64
20
39
234
51
97
227
95
139
38
99
246
51
220
199
85
203
242
71
43
122
137
11
71
172
95
66
44
30
38
130
49
222
218
97
248
81
49
4
214
71
7
161
32
151
65
105
153
76
74
96
153
148
81
192
171
231
3
252
105
164
131
109
244
43
94
43
176
252
141
235
221
105
147
93
9
4
220
2
27
163
107
121
45
208
59
69
144
249
230
110
63
95
255
151
41
231
214
166
74
101
127
156
95
214
237
112
27
124
161
53
208
169
73
251
224
189
201
226
197
53
47
143
178
150
197
253
16
27
122
151
59
39
102
169
154
41
153
249
28
190
233
97
72
123
184
39
20
154
161
8
211
115
246
89
47
202
71
162
248
202
66
18
38
255
76
230
25
42
178
25
231
236
198
35
192
14
219
99
117
43
142
80
231
119
196
179
243
143
25
230
23
87
69
107
99
230
149
127
146
197
182
36
58
27
107
37
224
243
66
166
161
98
130
204
46
36
93
98
168
215
215
35
141
17
242
224
122
142
152
59
25
55
56
184
91
3
138
195
135
99
67
27
93
188
63
221
229
154
13
149
34
205
29
10
44
136
201
242
221
5
36
59
135
61
154
248
136
9
243
235
223
61
83
220
7
136
84
8
180
20
159
209
99
169
118
65
124
56
77
64
112
132
230
140
169
104
238
94
147
242
214
183
128
249
238
150
202
85
193
39
219
184
159
173
120
161
83
4
185
131
34
216
47
37
239
186
7
129
221
157
201
80
155
117
169
235
7
244
47
8
170
76
220
57
109
24
72
100
93
171
123
152
45
9
47
155
84
135
245
149
157
157
65
123
210
124
189
110
192
234
79
237
3
209
164
107
96
65
157
139
140
56
59
79
176
124
138
72
179
9
54
246
151
32
94
192
136
52
136
28
23
218
97
121
26
30
48
69
157
98
56
139
193
136
54
147
45
216
255
156
64
178
220
174
50
221
16
219
87
99
194
100
254
173
74
85
75
249
198
216
129
212
246
105
21
176
1
104
152
18
108
108
6
25
112
7
166
220
235
104
196
247
98
37
117
31
98
143
116
66
0
129
86
166
16
153
164
127
47
255
65
128
204
35
200
117
163
74
156
143
29
192
128
93
89
186
8
253
51
234
53
148
128
201
19
197
248
218
39
33
90
242
246
55
226
71
168
175
85
117
141
25
226
193
56
250
251
134
241
17
105
233
43
155
67
229
179
159
23
46
238
77
244
194
204
29
187
57
88
219
248
48
221
214
163
128
237
232
91
94
54
220
26
99
210
185
242
10
185
79
223
37
237
255
184
127
150
132
227
96
132
39
201
213
142
21
124
130
169
27
164
165
139
101
150
46
119
197
129
133
247
106
116
249
92
36
60
22
185
204
219
132
227
149
208
157
212
163
30
158
110
40
23
79
101
147
132
120
136
249
34
93
154
207
235
102
120
121
178
255
174
92
18
22
190
217
6
7
73
93
10
103
201
50
65
112
53
23
65
178
219
204
200
150
123
209
183
9
121
103
176
182
140
237
123
17
41
88
29
56
120
110
231
59
212
150
91
239
188
173
102
65
35
123
84
136
123
129
157
179
181
130
102
153
66
206
111
87
66
14
218
235
119
1
136
82
106
236
178
91
82
103
74
131
244
206
204
150
108
130
95
177
6
82
59
185
15
67
37
227
7
73
25
231
34
124
120
107
63
252
66
222
32
231
245
30
72
102
46
53
63
210
18
52
59
183
0
97
127
201
209
195
76
156
193
127
91
110
109
138
172
39
247
159
126
113
103
48
191
97
58
17
42
16
125
246
236
192
72
77
67
82
128
76
136
22
245
239
105
18
26
72
178
241
44
110
117
24
154
149
158
19
0
131
28
238
226
28
174
162
129
8
136
237
73
129
104
163
230
171
102
135
103
2
208
203
75
210
218
145
154
49
97
4
154
175
153
108
196
233
215
82
41
98
236
159
177
8
66
177
221
43
153
157
31
223
230
99
233
221
158
98
212
109
154
91
156
235
35
83
128
227
3
243
146
8
120
163
150
249
253
52
238
235
66
79
66
48
17
169
183
138
49
85
38
155
42
195
209
88
40
33
18
65
113
180
231
209
125
82
93
78
78
214
215
230
179
168
231
243
59
110
203
19
213
207
216
202
86
238
146
130
98
179
184
42
97
193
216
113
150
159
70
53
178
233
147
184
124
239
10
142
71
93
48
205
204
60
246
194
175
157
65
197
146
74
242
176
252
76
170
184
149
52
87
53
109
169
98
245
184
99
177
12
175
154
184
113
215
248
168
196
202
21
59
168
150
71
229
230
129
78
85
138
247
150
239
232
87
243
220
165
183
26
153
137
16
70
199
215
233
218
21
243
244
47
49
149
221
72
54
187
146
48
105
152
106
207
188
150
118
195
215
188
149
56
78
22
244
156
86
196
12
236
34
139
119
108
117
245
213
137
23
52
134
222
54
161
218
231
60
27
8
136
144
177
118
0
83
136
84
76
217
203
70
131
64
188
21
38
78
122
29
232
236
97
167
131
4
186
138
187
163
191
123
236
77
159
253
3
56
145
66
197
72
169
223
145
93
166
159
91
119
189
159
128
108
89
101
107
226
240
67
79
161
135
98
235
114
176
50
10
172
109
145
122
173
21
90
57
164
39
219
141
151
251
131
156
49
104
89
8
167
124
126
123
65
35
218
27
185
43
201
110
11
6
139
108
222
59
160
36
190
46
209
38
171
51
24
54
96
136
253
14
118
156
222
220
79
119
38
102
255
174
11
239
0
213
191
28
206
137
243
134
128
35
41
227
179
106
31
167
18
123
241
221
174
225
125
7
54
85
98
148
148
15
181
166
155
22
138
239
50
139
196
38
162
136
101
143
138
66
197
151
195
18
214
181
112
194
62
54
43
64
57
137
236
239
196
115
231
187
164
96
74
44
162
23
175
184
68
137
216
39
27
47
78
101
96
226
87
154
71
250
59
24
70
0
79
6
76
41
118
53
222
132
19
38
160
241
87
234
127
231
221
21
108
86
39
143
179
145
135
209
79
216
101
173
230
158
33
236
168
123
12
151
67
69
38
207
122
123
203
215
254
11
3
157
231
174
88
22
140
80
23
95
21
150
35
54
19
41
180
92
156
197
242
233
79
18
193
48
184
129
93
186
100
59
208
226
217
47
105
69
150
99
151
197
82
53
47
53
158
201
22
104
67
55
89
42
71
225
22
103
14
217
254
86
38
143
224
229
168
230
113
213
97
101
150
128
174
149
47
143
98
135
6
191
207
30
19
164
19
100
128
122
164
79
27
79
126
211
14
7
254
134
126
167
50
7
101
5
14
104
193
103
190
121
121
229
37
66
26
146
52
22
102
5
71
229
64
144
39
188
109
102
225
204
21
198
41
25
76
99
197
7
244
18
109
38
224
19
116
186
148
56
139
254
224
191
168
252
178
97
47
116
125
61
90
70
121
131
144
100
12
56
101
169
252
67
138
37
38
25
52
134
242
236
116
107
119
75
99
24
254
157
159
142
146
74
99
252
187
131
40
167
40
218
7
98
227
191
208
227
75
170
72
8
160
118
59
18
207
124
63
127
60
179
59
41
164
54
15
242
39
222
106
48
177
171
57
77
155
241
99
120
190
228
55
68
108
0
193
213
14
142
229
56
29
18
245
151
9
150
49
116
83
37
164
109
118
131
255
109
128
198
210
90
43
174
18
85
145
209
10
94
106
25
88
9
126
132
236
34
174
170
94
94
26
40
218
144
228
152
249
245
225
129
135
109
142
26
68
205
75
83
62
38
239
56
132
1
44
88
191
156
18
55
145
10
15
162
192
222
94
95
3
89
88
236
205
169
140
11
140
246
152
196
251
130
104
235
89
255
185
11
100
139
205
219
93
5
61
70
244
255
197
95
156
75
84
34
205
97
101
68
166
95
110
242
167
238
133
235
104
23
75
77
55
230
9
108
241
94
160
28
4
219
253
98
67
162
203
14
7
27
73
33
226
130
79
182
214
143
117
143
24
152
81
75
244
1
215
122
16
54
36
10
129
167
225
251
171
140
53
61
41
246
234
203
165
179
42
190
45
250
19
55
39
244
111
162
212
35
102
123
12
213
175
135
188
215
151
200
246
254
249
191
127
239
72
216
77
33
224
241
202
169
20
17
246
54
154
8
248
120
249
91
196
117
62
75
164
145
125
43
27
38
244
174
13
217
0
47
233
60
125
243
181
238
136
142
117
191
224
92
180
50
121
220
118
83
71
86
11
106
154
48
145
233
221
112
139
102
5
16
126
81
204
125
100
39
101
167
154
173
225
239
129
157
148
162
65
102
244
254
180
37
112
188
214
236
173
218
54
145
52
210
124
1
50
69
243
74
80
82
94
239
240
180
74
170
52
164
89
95
244
117
152
15
30
233
174
168
16
220
249
165
78
168
106
52
189
232
158
246
120
12
29
0
31
253
21
226
108
171
128
17
117
149
137
141
242
139
35
239
175
203
96
6
60
48
171
135
9
242
195
139
90
79
196
251
100
35
71
178
91
25
214
97
132
97
156
136
45
115
122
72
127
110
49
174
30
87
215
242
120
134
240
224
204
169
39
96
67
209
12
51
65
167
140
57
13
173
253
214
34
139
24
224
84
195
252
89
250
100
33
40
16
114
111
254
43
86
141
99
216
113
155
96
210
242
181
89
202
113
3
235
161
162
3
245
45
217
206
68
8
13
161
74
192
79
244
87
166
8
63
25
22
133
14
192
164
73
1
202
225
43
185
243
68
55
8
213
170
12
233
203
218
175
156
156
97
88
208
237
165
211
215
136
251
64
77
184
64
57
103
143
173
176
92
33
56
157
80
237
7
167
11
79
104
42
173
104
43
198
175
93
68
102
54
239
43
0
234
252
129
164
135
184
127
38
219
113
202
6
18
238
97
110
28
153
14
97
214
205
198
57
17
235
169
244
148
145
248
107
33
226
201
110
75
165
126
252
29
200
209
113
80
219
222
71
149
12
9
5
199
12
229
174
241
173
194
157
155
190
5
143
110
80
254
142
253
117
5
26
27
236
140
102
99
67
78
148
93
100
244
11
186
125
116
13
230
39
18
234
28
135
104
92
173
110
25
135
142
205
230
27
222
210
214
12
127
164
152
190
35
175
152
108
209
87
99
230
35
80
69
214
69
155
220
2
145
91
215
237
245
118
251
227
29
32
97
13
206
53
184
166
45
102
82
149
11
10
69
168
72
72
138
212
246
120
152
0
132
121
99
122
158
107
53
69
49
129
171
24
248
1
152
76
17
157
235
100
130
175
60
229
254
142
184
132
61
65
38
145
120
239
138
50
17
41
40
239
6
135
64
247
15
110
113
106
43
19
231
191
19
214
160
230
226
95
206
139
176
189
85
165
19
164
12
128
194
101
96
151
191
216
0
81
234
112
217
232
133
200
127
54
198
71
124
238
145
74
202
149
61
0
174
165
3
207
35
248
253
139
9
113
212
73
242
73
190
104
211
74
99
50
63
223
86
88
230
119
50
189
139
132
114
113
228
132
122
128
190
60
237
82
83
54
186
37
99
186
242
154
225
18
229
177
27
143
8
236
249
21
112
184
69
234
244
107
210
198
23
105
249
25
114
84
45
185
209
147
59
79
247
67
48
76
224
187
214
219
144
191
28
226
61
217
129
42
164
13
31
84
67
167
184
63
168
122
134
163
218
124
123
115
230
156
50
41
235
231
199
9
37
252
128
190
95
113
58
208
205
1
28
104
236
164
83
184
99
233
191
208
246
61
30
209
237
30
167
156
192
30
35
240
233
91
69
100
239
170
103
65
66
46
253
49
30
32
14
128
79
41
97
166
41
108
3
222
80
171
157
145
43
183
114
197
186
138
208
7
69
59
199
186
15
22
4
169
61
137
126
21
245
150
128
152
79
237
161
177
69
38
6
61
69
48
71
131
67
254
7
183
21
198
157
49
35
155
248
220
133
188
178
63
10
102
1
54
149
50
89
64
41
15
129
206
220
77
78
132
119
243
59
67
43
92
164
130
243
228
32
135
220
112
207
234
29
24
193
157
171
82
170
70
255
165
14
76
203
29
163
77
32
40
114
202
159
233
114
43
26
46
139
125
81
224
43
243
215
31
100
212
78
220
64
100
173
130
129
140
89
38
62
52
91
24
42
125
179
147
61
165
156
163
168
17
54
135
56
159
99
188
144
14
182
212
56
152
74
169
242
128
178
70
197
22
120
2
61
130
22
117
231
205
59
125
89
201
187
112
131
133
145
188
2
244
218
231
226
106
76
234
200
30
163
175
55
104
231
166
22
224
123
135
115
140
34
207
44
35
30
109
14
166
194
241
0
198
99
37
222
182
61
30
72
188
82
168
210
71
22
128
107
190
0
26
150
145
211
37
51
81
221
155
87
125
4
212
25
39
221
129
155
29
50
147
217
24
163
185
53
87
167
24
200
221
199
62
74
107
49
83
130
224
200
179
179
255
224
9
119
56
61
213
193
221
65
155
63
194
171
119
154
203
143
62
130
118
132
236
75
213
146
169
189
180
211
208
176
190
98
170
5
189
207
224
87
209
29
139
227
27
63
205
187
252
65
119
206
254
229
8
139
55
110
207
161
234
157
94
129
69
195
247
67
226
93
53
158
158
36
36
249
147
58
19
67
86
10
216
147
200
187
44
157
252
159
191
217
207
53
101
96
88
177
93
192
187
89
59
114
215
103
136
159
168
98
200
243
169
89
237
180
245
83
162
41
104
61
184
102
221
169
213
179
176
229
249
118
89
249
245
228
175
24
41
60
96
29
205
104
208
103
217
220
112
218
55
202
49
32
107
162
19
238
228
145
130
162
114
212
113
43
36
254
107
183
248
218
226
16
237
75
38
168
182
118
122
132
182
150
239
79
230
116
73
223
205
78
34
247
166
32
147
71
139
79
131
72
106
156
129
180
255
146
206
43
115
134
78
29
18
181
69
210
209
114
182
85
214
153
250
245
246
121
10
213
121
144
145
80
242
183
206
85
144
253
10
138
107
17
76
20
189
138
173
238
156
20
240
20
133
0
48
20
190
161
252
44
225
213
92
137
108
60
120
204
253
207
98
122
0
148
121
16
75
143
45
144
159
52
133
152
77
113
62
60
164
64
116
107
24
128
22
72
180
33
54
135
23
20
196
214
93
67
47
137
79
94
126
252
9
57
23
29
46
219
68
226
3
121
250
62
124
50
143
216
182
134
11
22
111
115
115
31
238
184
74
85
43
244
44
116
228
77
60
240
135
95
168
64
157
181
22
46
45
135
218
241
120
139
154
100
58
178
110
136
254
250
32
117
186
183
227
247
221
12
45
96
30
73
189
27
64
164
220
211
15
128
115
207
118
151
250
153
210
151
7
192
132
182
33
75
77
99
199
211
60
237
252
241
216
100
129
39
242
112
146
53
31
131
41
217
9
64
131
172
39
81
91
94
243
173
125
81
175
0
125
225
131
12
125
11
15
179
142
8
97
194
131
236
179
50
209
158
84
23
136
90
215
92
126
142
36
103
96
194
169
65
149
230
60
12
70
95
157
3
199
243
165
198
177
54
139
120
187
183
14
207
114
63
118
127
180
242
0
67
163
201
229
153
206
133
42
18
67
176
73
51
104
30
159
226
143
4
120
87
99
31
85
16
124
18
115
67
119
28
152
204
216
187
139
212
180
171
120
174
213
150
2
139
132
195
49
212
173
246
229
39
99
49
246
84
4
117
182
229
185
14
111
116
166
82
221
46
131
25
166
192
102
174
163
231
24
29
12
208
225
117
240
181
116
133
8
181
131
155
102
61
164
86
39
79
64
231
140
42
200
223
199
171
78
180
182
91
7
98
42
142
233
4
97
86
25
97
68
2
220
48
248
50
52
231
102
13
53
156
109
105
136
125
1
229
30
219
7
34
114
113
154
171
143
186
22
188
88
155
29
77
228
223
191
244
188
206
245
253
171
140
87
77
35
169
65
208
93
228
196
53
201
188
234
43
24
121
126
59
216
208
221
148
102
88
88
11
251
123
13
13
152
68
253
127
200
10
126
2
202
102
51
112
24
184
99
146
23
108
230
251
124
152
201
9
180
115
96
56
165
54
208
151
172
139
254
142
24
19
77
110
238
193
7
62
245
1
253
171
61
245
232
202
12
18
208
176
24
190
68
137
190
7
75
14
234
214
94
35
99
140
162
67
92
36
138
32
91
84
222
21
3
238
253
41
75
181
130
209
74
151
176
42
23
95
234
19
85
92
37
228
195
137
69
56
113
255
57
122
197
32
175
191
28
107
191
231
193
83
34
106
169
6
104
65
172
230
162
119
49
57
117
167
253
167
30
70
179
38
187
200
54
98
241
241
240
180
141
113
250
130
29
75
46
235
234
0
251
191
19
73
63
116
217
228
62
19
21
228
156
110
254
123
39
170
174
38
107
23
102
212
198
194
185
107
96
221
53
44
178
234
15
241
233
151
152
72
101
251
253
112
152
188
237
0
8
245
9
152
89
73
104
238
219
120
192
55
0
178
90
233
121
48
128
167
133
182
17
234
21
173
154
106
45
8
105
251
63
175
122
13
136
249
26
141
137
219
238
139
21
22
225
56
153
83
167
129
127
133
95
166
55
115
224
67
5
218
9
153
17
1
223
121
81
231
142
179
6
125
103
138
161
182
170
5
187
255
228
61
76
154
94
21
34
38
247
122
107
167
218
77
194
31
55
239
215
204
152
193
23
205
240
204
118
238
178
63
113
204
236
208
63
71
23
225
240
21
108
144
45
249
94
130
85
211
201
114
164
227
170
1
212
66
29
230
49
8
57
179
223
237
153
7
246
208
188
54
163
25
73
113
226
18
97
178
200
255
243
66
222
198
154
142
90
134
107
235
121
205
23
196
45
244
161
182
235
176
110
142
33
212
93
217
80
18
53
175
23
193
144
127
5
251
74
157
227
206
155
194
82
57
197
28
149
202
180
28
32
9
195
37
115
45
188
204
189
107
74
229
68
84
181
40
169
159
10
185
230
29
65
135
217
226
49
14
82
216
84
158
213
58
137
78
33
106
146
9
118
129
15
138
206
197
161
0
46
58
100
83
55
247
186
139
130
174
68
11
28
51
108
200
127
236
139
46
43
240
21
192
162
245
38
123
125
248
137
167
220
185
43
162
137
252
121
248
42
118
48
96
38
82
175
31
123
190
203
207
181
231
172
39
206
11
253
197
164
159
199
82
251
245
81
121
194
238
65
167
27
111
110
217
1
8
111
180
124
14
166
77
165
85
241
96
211
170
65
26
65
153
20
248
215
171
30
77
20
217
50
125
132
94
153
38
111
236
68
79
86
27
235
238
251
203
210
221
141
14
243
132
1
12
98
174
177
179
171
28
12
37
122
199
37
41
135
145
247
183
234
211
72
38
233
118
117
228
11
100
31
237
70
32
57
0
49
60
143
82
0
109
143
214
2
104
251
50
77
65
127
203
233
162
250
244
85
137
206
83
207
76
133
50
177
42
97
155
185
217
98
102
228
240
15
154
75
172
198
28
67
88
192
198
105
96
175
56
42
235
85
104
236
130
245
198
147
95
7
124
233
141
199
123
223
149
197
243
80
118
79
32
76
89
136
101
226
60
105
119
64
181
211
196
4
68
204
107
100
251
44
204
99
190
74
59
161
192
59
63
20
62
172
33
243
30
17
116
254
23
49
46
216
129
253
108
221
187
178
14
243
6
67
9
19
216
72
38
241
153
214
117
106
105
121
209
47
195
23
62
176
15
50
115
191
159
0
253
160
149
236
7
121
144
204
140
208
95
195
5
247
140
95
93
42
133
229
131
70
238
191
22
243
250
98
105
242
46
222
163
99
251
54
57
49
80
51
178
120
204
150
189
151
208
72
25
82
5
178
115
164
163
67
121
135
200
57
105
187
214
56
94
229
36
210
214
80
166
109
92
254
47
128
167
54
85
65
228
72
191
220
250
148
250
29
127
146
193
7
38
19
137
204
144
138
169
92
74
40
160
72
165
170
122
181
50
212
68
149
26
242
222
9
107
128
25
47
51
73
168
75
240
82
131
238
17
71
80
143
31
36
64
70
30
195
127
90
109
236
30
133
230
219
181
91
112
30
110
174
128
222
182
4
253
175
115
225
38
46
110
4
54
183
143
174
51
77
91
57
227
151
54
15
66
236
240
166
74
75
135
84
218
128
145
249
120
103
152
215
237
125
63
65
23
38
145
237
154
249
125
32
130
73
196
79
16
212
49
130
202
227
107
77
133
51
51
224
18
211
247
95
130
55
61
32
239
219
108
24
26
168
182
141
244
143
191
253
255
177
20
167
228
10
176
214
184
240
147
81
1
3
245
37
145
79
156
105
151
247
61
77
248
21
114
123
146
126
22
248
189
189
232
172
148
50
138
231
194
161
201
149
35
217
39
211
201
127
71
193
122
113
146
183
204
95
182
126
230
50
61
202
36
135
145
56
149
157
38
242
52
88
15
84
207
117
18
54
243
185
163
140
34
22
70
186
238
72
50
238
181
207
125
0
27
7
86
124
17
34
69
250
115
6
230
16
157
101
254
93
2
163
105
149
132
69
102
188
211
49
100
127
38
166
87
9
42
92
201
80
93
21
246
88
205
77
5
240
161
251
177
158
255
7
219
32
19
49
153
179
186
23
103
121
100
177
108
130
250
115
156
59
160
51
116
129
251
54
52
253
181
52
192
222
236
236
27
165
146
250
77
82
224
92
130
247
243
158
41
10
8
63
210
145
44
195
120
199
38
233
234
106
83
59
219
133
97
227
246
162
24
99
228
9
195
246
141
215
184
119
19
131
122
4
207
157
36
111
44
194
98
81
101
159
143
170
202
127
236
59
206
135
120
226
200
169
155
76
54
70
94
59
108
189
111
252
87
146
235
160
7
109
17
157
99
241
140
106
60
34
64
108
68
185
109
233
203
133
11
67
252
127
244
125
72
72
67
67
239
217
106
133
116
75
16
54
55
70
10
217
77
73
240
48
126
74
117
1
82
115
64
127
235
10
82
210
232
94
70
71
70
203
172
69
98
224
163
158
161
96
177
170
201
140
20
243
193
8
200
150
247
205
166
150
137
90
12
40
162
29
188
65
245
248
239
93
225
226
93
70
210
103
110
138
12
4
186
116
114
182
154
253
62
23
205
218
193
217
70
189
82
175
146
230
39
63
61
10
94
72
108
161
122
108
46
195
125
51
116
40
83
21
37
54
93
100
69
253
183
72
105
145
63
251
11
57
130
0
209
96
240
8
27
53
115
252
85
141
41
90
174
109
157
96
4
42
106
45
184
220
128
206
103
46
20
232
131
96
183
127
201
168
149
170
154
111
74
178
23
245
13
115
118
0
85
203
119
209
143
37
167
48
153
160
121
214
132
230
2
15
131
63
3
15
110
64
188
61
153
239
230
60
180
121
175
100
232
52
137
22
75
98
58
207
8
77
182
231
8
208
12
74
122
120
99
210
203
20
88
119
172
127
159
204
241
76
15
222
151
116
188
242
0
161
29
30
57
251
158
35
145
160
14
85
69
163
80
186
122
79
171
15
60
77
9
104
137
76
33
31
160
199
28
141
150
174
14
33
21
150
157
137
158
38
105
37
17
214
155
73
165
35
221
110
219
240
114
18
200
71
198
238
122
168
6
212
254
228
87
23
3
199
67
148
169
14
129
51
128
213
24
232
241
229
253
4
136
223
150
187
116
54
9
193
243
102
22
71
158
23
2
69
2
218
117
15
77
145
118
217
49
97
241
226
155
95
181
209
187
74
148
218
212
126
121
193
203
107
113
2
160
206
39
7
143
95
52
80
216
153
89
10
223
64
190
248
129
148
253
0
116
92
84
93
4
209
138
141
227
241
200
45
122
38
205
103
145
84
219
103
152
235
240
208
122
86
200
40
112
79
175
108
229
159
100
203
38
192
142
6
207
14
248
170
13
194
254
172
191
232
208
122
93
172
98
222
217
167
28
73
165
23
140
145
143
151
87
163
223
29
49
86
215
201
72
9
78
135
45
248
215
6
88
11
71
201
159
94
147
122
14
242
22
118
11
87
16
89
5
163
34
148
100
31
210
88
81
93
154
96
168
110
185
38
167
70
31
94
97
202
1
16
193
179
32
36
169
48
252
207
95
91
87
110
98
26
52
112
67
250
173
204
253
129
154
91
171
215
35
9
132
31
172
121
224
6
31
106
36
142
141
175
107
234
16
29
122
30
8
26
200
26
136
23
122
6
151
49
144
217
58
223
75
0
66
99
123
37
153
32
23
153
194
99
235
244
160
16
226
109
140
130
180
229
215
21
87
33
51
222
122
22
194
18
172
113
121
8
55
163
152
68
52
186
253
211
10
144
48
36
238
216
238
18
221
128
49
30
134
39
242
223
76
28
157
224
241
126
48
60
83
49
172
5
168
137
61
223
105
233
106
99
10
133
190
57
19
193
156
40
112
32
158
115
232
122
242
217
151
88
163
206
162
67
119
120
57
31
172
226
19
120
139
138
26
51
62
195
11
120
96
42
154
65
149
221
249
196
98
145
24
87
112
128
231
11
175
174
3
50
251
42
165
39
52
171
194
8
104
198
169
233
114
64
130
120
102
49
100
172
247
244
120
173
94
189
249
188
156
190
44
92
157
210
86
247
178
84
253
255
107
218
10
117
188
120
57
12
2
186
191
29
67
101
96
233
194
233
100
193
43
122
216
242
197
79
84
252
227
207
67
217
244
109
1
189
21
120
9
89
30
51
197
229
82
101
248
133
151
219
222
68
174
160
166
250
158
40
3
91
90
86
225
126
0
161
99
252
150
245
62
83
4
174
246
205
106
246
80
65
179
106
156
14
136
75
191
29
41
56
64
36
164
204
110
239
40
228
58
227
157
163
103
147
123
132
154
69
50
99
131
55
97
137
193
211
86
38
222
153
176
12
201
112
52
231
93
57
151
244
106
33
98
170
64
202
25
9
26
70
161
39
20
248
77
142
229
148
41
117
216
196
57
90
17
107
123
123
233
152
168
118
203
34
120
27
191
131
104
170
95
203
201
80
69
112
56
19
82
121
39
255
70
200
239
207
44
248
69
124
252
194
56
165
169
6
125
147
34
175
85
71
163
8
113
238
28
73
142
133
76
57
135
67
65
223
181
189
45
101
232
153
245
71
145
132
222
150
24
48
212
157
161
108
121
46
96
139
82
98
150
86
41
119
135
254
204
215
131
103
124
219
179
167
191
1
77
122
26
132
69
176
96
53
82
47
91
25
77
10
250
34
114
4
170
14
93
162
236
130
58
35
73
180
92
254
174
56
21
233
213
229
46
151
191
88
202
173
78
52
67
98
18
55
67
9
94
27
168
170
153
13
41
69
189
36
130
105
134
100
51
15
63
238
144
34
168
224
55
144
207
239
67
108
149
140
252
68
73
216
190
234
37
126
4
205
33
32
252
234
108
175
81
129
255
124
190
234
18
168
38
115
36
64
137
177
8
92
161
175
126
82
121
198
178
43
8
90
237
214
219
225
219
170
164
219
97
211
215
111
115
171
205
14
118
149
79
41
253
253
181
233
53
105
67
4
187
125
169
181
129
225
117
67
68
216
161
89
204
55
139
162
166
180
68
99
195
99
63
23
223
0
146
116
221
36
22
61
154
194
200
193
169
201
71
9
6
181
138
92
45
172
73
148
201
153
150
141
220
14
60
88
127
65
79
118
50
34
239
37
23
1
218
116
199
205
230
161
252
17
220
207
164
111
151
68
139
31
201
244
31
164
20
197
98
177
220
54
70
218
144
18
176
178
118
14
207
147
205
147
86
36
134
43
147
207
70
70
83
138
132
215
182
4
196
45
51
253
24
242
132
71
135
80
135
211
228
24
46
247
162
173
108
103
183
230
253
107
91
181
104
143
20
189
102
246
244
35
58
139
72
37
173
95
51
226
55
137
232
106
89
1
208
72
2
217
179
127
124
46
26
252
35
46
56
110
241
220
224
8
31
62
187
44
47
228
214
163
39
236
17
85
10
85
57
125
58
252
172
22
241
253
251
114
63
149
133
103
112
225
18
138
210
242
14
116
206
213
44
48
236
244
87
29
14
218
37
141
86
84
127
188
25
220
46
219
249
219
40
27
213
53
178
227
143
148
6
79
223
153
30
133
51
248
229
254
6
111
173
17
181
28
83
69
91
205
50
69
238
74
0
15
95
42
197
89
42
196
213
85
114
80
195
125
172
23
33
240
2
73
96
211
95
38
65
120
62
192
60
56
233
168
204
5
32
1
197
25
17
2
107
20
11
4
188
179
3
85
9
109
114
240
218
74
140
80
66
23
57
126
242
167
229
13
192
55
149
86
176
124
59
89
65
22
36
83
47
219
163
17
18
135
50
21
78
38
143
64
20
71
39
73
236
84
253
27
231
105
154
210
154
106
59
178
156
165
151
90
45
73
5
213
85
38
159
27
6
173
211
9
37
55
161
160
56
39
229
193
217
210
78
2
101
103
240
48
27
225
95
229
186
160
233
230
47
67
9
99
33
164
242
146
150
213
151
63
102
204
4
28
81
196
95
185
10
159
177
49
217
244
81
244
43
91
49
236
144
114
185
248
104
141
2
115
152
156
51
210
7
121
6
168
89
57
161
41
214
205
46
40
197
148
10
143
228
34
85
182
151
103
105
5
120
76
5
158
247
104
196
92
125
229
219
215
232
176
163
106
82
149
246
211
12
229
159
103
184
206
34
149
157
84
204
192
68
56
227
163
137
243
127
131
119
245
68
93
81
31
223
145
72
15
23
123
7
252
177
39
79
158
91
81
63
208
176
71
129
162
230
254
143
151
197
141
254
160
190
55
93
162
92
251
64
198
138
146
207
12
250
74
113
141
129
21
220
155
224
167
120
164
212
19
53
159
171
173
91
182
201
100
40
81
128
228
193
5
203
251
152
75
4
202
60
130
28
27
90
125
124
102
218
124
237
222
189
13
203
168
33
166
104
149
4
188
153
119
79
117
71
129
14
200
13
69
56
2
103
67
116
213
242
53
223
192
28
39
129
80
77
101
216
194
92
109
3
100
246
217
225
48
83
38
217
139
121
226
214
188
204
13
137
187
111
13
237
66
5
252
184
205
162
115
21
63
146
221
208
157
14
241
8
138
37
49
111
24
143
223
7
73
225
252
159
48
127
107
150
233
170
140
127
164
193
129
24
149
92
115
199
124
56
119
48
198
205
13
140
52
234
179
88
154
235
1
225
158
198
202
82
62
51
253
71
218
102
58
46
135
21
182
138
224
197
6
7
70
237
72
173
105
169
228
77
8
99
116
44
25
104
192
255
233
75
175
159
71
40
104
139
218
91
166
143
207
161
113
229
55
129
126
171
170
132
234
121
145
124
233
176
18
243
226
12
243
81
185
62
159
40
124
189
156
80
158
108
164
137
104
179
175
238
15
216
104
55
244
241
251
181
159
227
120
154
165
0
16
150
166
155
194
108
167
13
138
148
214
183
45
158
160
144
221
174
205
121
202
251
83
243
97
146
136
129
40
187
184
9
166
180
34
179
181
32
34
53
100
146
112
243
223
103
180
100
92
186
164
44
32
193
63
29
153
144
113
102
32
205
101
137
231
171
219
101
9
185
50
19
251
153
10
21
122
102
232
67
201
117
47
147
149
215
192
122
18
163
41
117
129
72
146
241
93
66
110
70
55
10
225
56
177
77
58
238
248
238
207
201
3
2
237
161
8
121
87
130
111
49
153
194
56
70
86
90
175
138
22
81
220
117
78
202
241
117
154
66
102
58
121
230
27
9
92
88
8
224
39
25
130
40
57
167
134
201
75
186
107
177
83
206
144
172
76
49
208
72
109
48
32
132
239
215
0
252
176
7
214
229
127
98
234
52
48
172
240
230
233
229
50
205
77
230
219
195
179
145
73
48
187
189
3
26
63
112
225
79
209
19
201
152
30
159
205
121
59
4
79
16
215
33
45
55
43
174
64
38
105
247
121
42
190
78
176
225
169
123
135
219
8
59
129
172
223
60
169
180
15
37
227
87
1
20
198
71
97
54
221
31
180
112
115
1
205
36
191
176
118
246
96
0
111
113
225
168
226
133
69
152
24
87
52
152
21
162
119
171
181
141
93
42
250
234
71
31
147
9
41
83
45
13
247
138
199
169
215
86
151
99
175
89
183
68
170
96
221
77
248
89
63
91
71
30
6
229
134
233
18
51
254
144
234
245
220
2
107
62
168
144
168
13
161
247
135
140
172
244
34
247
109
149
109
133
220
244
171
235
216
30
41
205
253
222
224
197
223
7
27
16
56
8
235
65
91
132
191
253
0
194
199
9
46
129
107
75
223
150
184
231
188
95
192
2
40
239
212
7
91
194
92
123
156
192
91
156
245
6
38
126
166
28
150
122
215
157
147
255
245
138
147
59
170
66
61
64
51
133
52
114
36
147
44
147
218
201
44
211
123
236
103
65
103
124
95
133
92
247
91
24
69
12
21
176
172
194
151
96
179
178
188
51
90
39
112
243
205
19
67
120
54
59
100
223
167
130
53
247
188
156
80
117
137
243
49
216
251
107
89
171
69
92
33
235
209
160
218
103
151
15
196
245
88
21
200
31
119
65
204
91
229
142
122
97
162
152
130
71
149
116
61
25
159
79
247
121
237
34
96
28
93
136
43
205
205
10
92
112
71
132
177
177
230
62
174
113
70
25
175
234
65
252
133
85
254
87
216
151
32
60
220
71
105
221
218
43
64
6
191
151
13
131
86
112
47
169
136
19
114
182
68
168
153
64
225
121
249
84
130
184
68
28
253
231
167
149
80
2
240
198
150
198
5
135
210
188
7
252
48
39
219
47
225
154
5
129
0
202
136
28
117
81
216
250
139
116
139
190
242
95
5
119
25
158
124
140
198
62
77
112
92
7
126
117
243
105
117
29
130
111
208
56
116
11
247
245
15
0
10
14
32
187
233
139
226
115
46
37
51
254
112
201
9
186
50
102
162
235
182
203
113
71
163
239
20
221
138
121
187
213
62
115
157
128
238
220
231
58
8
137
250
217
207
25
9
227
144
234
23
14
99
74
13
227
82
37
224
188
205
132
255
202
195
66
172
85
222
220
203
96
151
244
88
166
105
34
36
127
102
219
81
38
7
120
38
107
65
240
41
198
235
255
225
217
108
177
95
229
125
90
243
157
41
172
174
156
114
51
216
244
67
139
47
15
148
237
49
91
73
131
148
106
79
230
18
247
99
214
16
4
8
131
209
235
158
15
180
188
21
239
62
250
157
162
203
245
102
74
62
43
181
74
150
222
35
156
74
114
64
25
186
228
175
130
43
130
215
244
217
59
90
196
145
36
237
109
213
14
148
41
95
95
188
208
17
132
183
100
215
4
213
14
195
218
188
67
11
11
72
38
175
39
109
223
210
38
197
81
141
15
218
245
106
67
217
54
130
163
137
67
200
196
67
28
147
6
112
183
178
177
4
246
56
93
244
206
165
76
116
22
196
231
146
248
163
55
117
224
230
28
178
40
190
45
26
231
118
221
48
183
136
80
201
218
111
72
215
119
21
16
50
78
21
147
220
208
59
144
209
151
237
177
165
201
169
110
140
232
227
204
154
240
210
86
164
220
158
228
197
26
22
228
70
101
126
4
97
217
168
154
187
182
45
227
0
122
160
70
235
103
205
121
200
2
181
54
191
57
226
36
227
213
194
244
111
185
67
31
231
167
4
255
51
33
86
255
140
247
34
213
159
105
130
146
101
34
168
237
250
19
227
30
179
160
239
164
140
95
44
153
215
56
151
59
37
86
255
235
214
136
173
241
114
79
193
134
137
152
184
99
34
15
125
254
173
236
61
172
58
16
50
189
107
91
68
78
65
137
25
38
124
10
110
37
77
242
207
173
92
228
175
65
62
66
18
52
238
13
244
82
134
180
35
145
248
114
149
73
222
91
101
24
254
207
215
166
237
53
18
153
4
227
241
160
249
217
195
253
164
38
186
182
22
205
224
202
194
239
213
131
35
107
158
37
132
89
71
108
15
167
3
250
185
150
76
33
101
61
86
201
146
160
169
130
32
206
177
49
31
49
169
61
164
225
159
240
242
105
118
94
159
253
153
77
114
60
227
175
221
154
89
230
197
207
71
243
176
80
